1000
1 605.533 753.624
2 413.467 923.805
3 105.514 634.892
4 884.852 563.822
5 963.141 977.634
6 252.618 695.405
7 385.231 575.787
8 731.202 809.644
9 329.773 166.691
10 616.966 396.865
11 404.243 625.369
12 314.411 127.875
13 254.802 935.734
14 969.452 117.777
15 688.297 801.435
16 530.006 402.44
17 159.457 408.273
18 112.494 473.338
19 857.373 916.582
20 354.628 686.332
21 928.215 613.567
22 863.286 107.045
23 604.283 358.257
24 900.498 756.61
25 100.966 732.16
26 335.936 507.66
27 404.093 301.337
28 940.763 884.86
29 530.278 745.705
30 980.749 896.911
31 790.976 402.722
32 732.656 704.285
33 250.219 644.971
34 548.077 159.991
35 682.164 791.417
36 698.268 844.18
37 866.291 230.369
38 579.722 102.146
39 375.499 544.486
40 395.426 187.305
41 472.408 723.12
42 605.875 662.555
43 726.711 779.478
44 618.501 515.618
45 387.629 799.719
46 994.95 776.429
47 624.306 978.642
48 457.698 260.164
49 468.334 504.597
50 228.599 851.879
51 670.01 618.557
52 420.046 459.81
53 238.266 812.615
54 188.117 542.809
55 237.578 588.21
56 854.104 765.366
57 657.323 212.624
58 855.476 216.057
59 204.253 789.153
60 822.48 498.157
61 331.742 287.439
62 159.554 898.997
63 412.779 405.477
64 544.916 854.313
65 859.245 931.845
66 442.809 818.225
67 505.86 385.158
68 350.134 549.642
69 277.906 221.641
70 396.212 508.846
71 737.493 592.006
72 282.679 893.491
73 517.271 753.394
74 404.272 411.79
75 986.432 958.995
76 793.687 637.958
77 217.431 262.11
78 149.514 414.88
79 553.352 784.866
80 597.851 562.534
81 487.43 867.383
82 481.251 423.733
83 167.227 787.953
84 220.626 283.471
85 960.721 514.101
86 253.694 297.926
87 476.928 455.895
88 507.963 226.351
89 121.552 761.327
90 602.9 626.808
91 735.317 856.967
92 532.8 790.564
93 498.896 990.666
94 703.609 922.586
95 117.589 930.832
96 477.162 887.818
97 284.2 811.427
98 959.353 900.802
99 908.365 418.541
100 989.499 430.49
101 277.361 166.062
102 296.993 836.898
103 123.261 710.249
104 509.717 707.283
105 303.546 710.965
106 826.189 375.555
107 672.173 583.694
108 922.158 370.067
109 830.229 815.007
110 186.829 848.254
111 149.702 590.954
112 435.271 177.084
113 657.238 287.622
114 275.02 240.972
115 475.588 370.049
116 512.69 365.578
117 897.076 327.047
118 500.069 406.737
119 351.784 426.854
120 250.259 615.215
121 651.092 857.396
122 661.935 794.837
123 547.163 302.04
124 984.466 406.398
125 156.233 983.625
126 466.593 379.647
127 591.727 418.168
128 438.303 301.941
129 376.764 732.146
130 470.165 880.237
131 479.616 506.964
132 675.093 519.906
133 268.496 614.766
134 761.399 431.626
135 179.917 103.518
136 606.375 191.676
137 736.261 299.087
138 764.98 877.091
139 849.634 981.276
140 245.631 594.704
141 895.204 410.753
142 964.165 975.018
143 770.319 710.79
144 558.784 271.283
145 599.279 320.646
146 875.261 456.35
147 148.157 751.689
148 457.905 761.534
149 558.502 691.247
150 143.258 786.357
151 168.333 405.687
152 471.28 997.557
153 207.601 893.075
154 652.325 588.611
155 893.922 139.099
156 798.547 686.42
157 126.212 385.898
158 767.262 789.778
159 377.809 233.609
160 267.306 228.847
161 209.843 990.444
162 400.964 424.931
163 251.996 537.068
164 327.926 963.422
165 444.708 132.074
166 494.228 211.788
167 393.021 545.89
168 843.028 398.678
169 788.363 845.14
170 530.34 735.892
171 678.748 526.708
172 684.911 415.523
173 763.063 723.209
174 839.745 582.3
175 104.945 250.14
176 370.612 511.451
177 276.039 797.212
178 948.819 400.231
179 313.597 691.765
180 725.981 923.974
181 683.042 280.938
182 993.508 514.812
183 633.863 472.545
184 800.728 223.074
185 488.768 983.819
186 419.447 147.378
187 110.095 650.071
188 748.325 671.531
189 598.797 336.426
190 943.442 610.849
191 506.713 391.311
192 411.562 577.941
193 983.663 349.953
194 376.131 442.454
195 639.487 895.297
196 269.523 246.748
197 828.495 385.52
198 235.945 190.679
199 857.865 800.954
200 460.096 421.691
201 945.947 355.853
202 872.86 517.89
203 393.518 373.29
204 791.677 162.116
205 515.812 374.481
206 771.775 380.764
207 114.947 522.131
208 289.908 481.147
209 401.495 577.717
210 992.465 739.968
211 211.838 895.893
212 165.417 584.137
213 408.45 352.61
214 578.326 829.652
215 106.803 822.957
216 364.797 992.359
217 427.659 370.241
218 261.759 718.792
219 196.129 917.43
220 676.197 632.751
221 975.649 672.554
222 731.884 151.17
223 862.465 964.7
224 121.017 122.949
225 854.638 115.015
226 558.169 587.554
227 287.961 778.479
228 833.976 137.412
229 567.793 949.556
230 774.621 911.517
231 598.535 337.025
232 908.606 483.523
233 186.729 947.096
234 273.467 405.793
235 833.779 940.2
236 691.689 953.062
237 623.142 428.984
238 740.073 713.046
239 885.501 510.098
240 616.833 399.753
241 251.494 174.541
242 487.741 223.796
243 409.668 915.991
244 616.114 553.49
245 928.913 700.808
246 634.819 385.758
247 911.168 544.864
248 807.95 705.999
249 659.791 319.876
250 203.878 788.598
251 265.803 228.459
252 368.696 116.798
253 836.75 645.485
254 113.023 867.786
255 536.192 203.971
256 226.113 286.69
257 890.724 238.239
258 493.24 731.802
259 163.122 676.967
260 449.993 628.918
261 135.115 338.569
262 392.239 362.01
263 655.069 110.328
264 351.99 633.202
265 604.336 785.127
266 986.367 692.545
267 553.578 316.152
268 340.654 654.98
269 698.581 587.733
270 515.445 624.349
271 595.864 347.397
272 292.674 518.548
273 472.412 529.826
274 812.644 890.886
275 576.227 756.822
276 904.108 435.998
277 267.128 560.415
278 635.426 436.334
279 941.881 144.839
280 187.377 883.375
281 688.567 248.235
282 184.101 611.162
283 657.004 207.008
284 204.746 143.882
285 499.49 760.363
286 978.262 844.801
287 574.621 478.616
288 998.782 992.551
289 695.789 919.154
290 844.955 562.201
291 239.741 212.972
292 648.216 771.942
293 229.118 770.416
294 508.401 441.677
295 884.632 965.619
296 418.605 148.94
297 943.75 175.698
298 777.4 715.027
299 426.386 243.987
300 767.597 563.602
301 612.756 730.071
302 744.186 109.457
303 397.345 599.897
304 328.1 176.821
305 305.497 196.243
306 241.839 951.945
307 696.555 107.717
308 102.132 996.924
309 919.019 854.595
310 158.044 296.74
311 245.743 146.479
312 234.599 374.457
313 239.192 476.046
314 633.386 373.437
315 224.195 715.355
316 685.662 346.725
317 833.097 646.21
318 545.55 288.319
319 261.245 693.589
320 128.064 310.872
321 349.704 244.816
322 999.109 255.827
323 152.128 542.957
324 217.051 885.335
325 584.91 291.519
326 890.529 285.186
327 116.551 278.887
328 186.528 699.716
329 151.821 628.395
330 580.48 490.625
331 761.901 321.232
332 897.78 690.929
333 947.171 314.368
334 283.396 837.44
335 623.792 473.118
336 414.415 251.835
337 387.692 149.062
338 358.153 132.187
339 366.255 923.054
340 992.165 718.466
341 220.875 274.051
342 338.911 936.918
343 170.601 760.479
344 150.791 374.176
345 166.245 172.517
346 123.526 380.227
347 852.414 299.285
348 253.225 618.337
349 918.735 463.557
350 215.852 561.088
351 279.025 417.156
352 486.588 594.438
353 104.773 508.969
354 448.875 448.557
355 785.871 105.131
356 325.461 819.828
357 606.152 894.095
358 922.691 318.868
359 710.907 934.716
360 367.031 264.021
361 106.02 970.47
362 237.369 223.029
363 354.549 757.026
364 944.008 897.6
365 963.298 217.934
366 839.812 234.193
367 984.336 575.03
368 258.115 652.807
369 460.115 655.417
370 474.899 846.3
371 683.503 691.465
372 107.842 543.951
373 740.607 456.304
374 269.432 126.493
375 646.004 951.78
376 460.668 884.815
377 102.759 259.23
378 874.635 531.41
379 952.546 232.873
380 927.941 684.585
381 308.17 775.127
382 655.822 907.69
383 665.928 371.206
384 833.375 258.112
385 290.338 600.958
386 187.361 546.09
387 266.047 114.791
388 879.179 878.765
389 610.257 456.673
390 332.632 527.983
391 711.716 776.527
392 883.05 320.53
393 389.145 835.97
394 139.121 175.907
395 388.316 988.603
396 189.791 983.239
397 407.605 533.182
398 205.842 884.605
399 600.125 615.146
400 649.644 510.404
401 479.409 861.293
402 554.581 356.576
403 343.515 551.888
404 339.401 657.151
405 135.43 959.592
406 958.201 221.238
407 818.391 436.071
408 641.793 855.819
409 360.829 570.768
410 863.845 997.839
411 664.714 768.749
412 597.086 798.533
413 119.832 783.56
414 469.462 607.124
415 915.409 376.188
416 335.068 724.364
417 443.906 311.68
418 440.457 633.526
419 119.87 575.551
420 253.515 448.188
421 214.91 527.615
422 477.341 910.154
423 858.219 447.687
424 338.627 825.956
425 796.317 779.953
426 844.631 475.573
427 561.13 421.859
428 554.994 734.151
429 980.975 898.665
430 442.851 725.432
431 279.73 757.514
432 666.181 323.477
433 906.682 277.528
434 604.698 640.378
435 497.452 358.267
436 587.687 350.093
437 684.322 773.738
438 625.541 198.26
439 237.915 843.485
440 176.922 486.042
441 344.417 226.544
442 464.87 853.251
443 695.123 756.82
444 675.099 318.726
445 344.693 240.535
446 665.574 299.431
447 183.662 774.446
448 128.224 333.746
449 528.393 407.952
450 809.455 280.586
451 741.711 291.974
452 214.838 614.562
453 447.595 552.445
454 116.013 236.523
455 548.924 323.475
456 766.28 990.927
457 429.879 108.713
458 105.524 330.418
459 626.039 927.241
460 940.954 872.813
461 859.104 997.709
462 878.411 759.044
463 130.031 216.843
464 935.522 988.397
465 987.865 557.182
466 400.354 535.194
467 910.574 478.252
468 186.044 237.274
469 529.738 943.621
470 630.436 341.448
471 648.378 642.693
472 212.868 158.389
473 513.902 356.037
474 710.752 397.049
475 372.475 482.167
476 471.949 751.997
477 302.159 709.733
478 992.295 706.071
479 306.32 172.082
480 976.686 738.528
481 649.362 868.598
482 737.885 137.854
483 100.043 591.903
484 843.271 545.959
485 717.782 728.162
486 852.927 274.472
487 299.287 670.139
488 691.29 969.752
489 567.234 184.13
490 607.625 732.826
491 767.129 398.162
492 425.814 435.121
493 892.887 679.483
494 797.418 263.383
495 474.694 536.013
496 838.77 651.762
497 783.027 730.241
498 288.872 667.662
499 433.434 796.507
500 340.743 440.243
501 435.355 200.108
502 294.023 836.019
503 651.401 341.044
504 522.686 709.469
505 883.392 381.871
506 352.091 185.617
507 276.053 267.326
508 677.839 676.475
509 642.928 398.147
510 848.264 836.631
511 409.733 988.165
512 921.879 497.267
513 199.961 315.849
514 901.494 885.866
515 840.072 406.319
516 361.287 733.001
517 473.602 871.385
518 985.363 332.646
519 171.615 113.538
520 901.427 618.726
521 670.865 304.244
522 582.63 221.118
523 393.137 699.366
524 266.757 908.56
525 815.054 815.648
526 559.188 829.261
527 878.986 768.179
528 842.568 889.353
529 310.799 972.755
530 637.034 253.154
531 314.513 272.826
532 496.237 399.793
533 269.887 551.453
534 167.973 707.815
535 592.184 108.896
536 332.263 851.79
537 783.619 200.862
538 142.977 423.129
539 561.679 967.037
540 618.054 274.262
541 344.277 622.297
542 191.1 627.994
543 403.979 175.261
544 961.45 800.405
545 545.65 349.895
546 520.685 313.536
547 183.634 546.78
548 568.215 468.723
549 897.417 167.51
550 740.956 491.337
551 494.538 321.295
552 457.34 427.85
553 563.961 894.948
554 391.868 963.395
555 185.431 202.096
556 802.756 691.6
557 861.351 737.096
558 495.219 828.945
559 444.155 739.008
560 651.406 267.916
561 716.511 137.795
562 481.463 332.846
563 523.346 441.752
564 534.323 969.233
565 275.818 908.855
566 530.314 778.599
567 453.802 984.171
568 521.606 796.071
569 602.687 634.313
570 257.225 971.311
571 718.884 756.615
572 293.506 417.772
573 434.909 697.218
574 928.31 671.377
575 557.613 990.925
576 702.729 127.593
577 489.896 904.306
578 770.473 599.037
579 529.392 213.165
580 669.358 195.661
581 130.246 534.053
582 823.389 832.366
583 551.928 961.23
584 993.935 509.66
585 370.065 618.19
586 856.889 476.428
587 638.105 962.15
588 623.944 971.74
589 731.124 566.636
590 792.597 684.388
591 763.374 697.966
592 637.498 383.211
593 823.03 963.367
594 889.523 420.378
595 666.418 221.137
596 598.51 231.926
597 894.04 951.513
598 682.214 108.424
599 998.783 200.079
600 717.839 217.438
601 932.479 516.469
602 650.582 966.42
603 335.418 683.198
604 713.935 401.796
605 859.931 198.741
606 457.956 158.72
607 237.87 707.692
608 894.276 347.152
609 157.917 365.601
610 944.322 219.576
611 632.813 954.453
612 647.669 169.277
613 597.64 652.254
614 265.269 205.047
615 710.976 596.193
616 539.925 952.553
617 908.803 229.868
618 108.188 859.781
619 755.247 427.517
620 747.489 256.015
621 386.827 878.292
622 962.306 794.469
623 984.188 360.966
624 732.695 519.479
625 884.32 293.109
626 971.785 408.531
627 338.659 675.23
628 270.662 270.138
629 446.171 342.981
630 311.258 382.333
631 948.745 194.74
632 689.343 917.658
633 594.108 487.314
634 613.871 432.592
635 406.658 156.957
636 540.919 391.278
637 780.764 638.915
638 345.469 271.095
639 729.039 968.25
640 585.387 832.136
641 377.973 219.703
642 342.554 876.05
643 685.784 118.473
644 104.904 170.875
645 292.353 647.087
646 276.743 149.171
647 564.659 316.67
648 475.556 147.327
649 654.55 178.67
650 717.707 635.725
651 689.649 496.411
652 943.206 888.171
653 579.545 280.84
654 521.584 688.651
655 309.228 422.136
656 237.804 980.089
657 314.094 170.508
658 366.714 727.908
659 494.064 535.34
660 799.848 853.241
661 909.005 697.918
662 697.164 838.995
663 392.324 895.041
664 115.914 239.076
665 232.694 684.374
666 492.305 903.643
667 104.577 691.034
668 507.848 479.803
669 428.306 566.9
670 455.319 667.153
671 586.72 985.085
672 306.402 634.793
673 215.208 513.527
674 370.314 390.92
675 749.173 626.981
676 455.345 614.843
677 810.626 875.448
678 244.715 555.514
679 258.978 635.924
680 785.433 902.167
681 133.392 693.923
682 659.284 384.486
683 188.377 445.977
684 797.577 471.603
685 564.757 371.144
686 439.363 152.071
687 626.389 723.244
688 970.772 838.099
689 923.896 402.898
690 495.14 580.462
691 652.991 736.568
692 205.733 531.639
693 220.994 917.818
694 648.734 247.214
695 598.844 508.112
696 947.538 245.594
697 832.197 327.322
698 947.575 181.637
699 120.893 500.677
700 883.487 139.31
701 436.866 263.039
702 729.293 450.695
703 310.559 801.557
704 596.831 334.621
705 337.414 956.848
706 721.237 865.773
707 760.205 517.72
708 438.473 160.464
709 873.759 837.546
710 808.971 325.13
711 122.677 414.361
712 575.11 543.454
713 865.9 650.156
714 957.432 447.794
715 497.19 985.889
716 407.538 170.202
717 342.899 332.263
718 117.887 102.581
719 600.038 525.015
720 299.27 260.141
721 921.908 123.676
722 525.946 893.984
723 895.808 299.907
724 265.866 461.365
725 123.838 741.493
726 856.896 111.87
727 446.432 363.877
728 464.869 192.287
729 136.531 899.6
730 165.283 957.343
731 356.368 189.624
732 982.273 450.713
733 750.987 680.996
734 599.678 766.052
735 852.293 256.63
736 198.068 515.275
737 301.547 823.99
738 326.573 165.311
739 254.98 786.485
740 941.454 318.875
741 367.87 484.545
742 762.646 478.301
743 479.859 292.129
744 199.493 322.818
745 471.324 650.588
746 378.954 806.908
747 507.065 228.857
748 854.189 102.915
749 700.166 738.343
750 673.959 536.708
751 681.422 363.048
752 800.354 267.775
753 584.637 987.702
754 534.391 369.635
755 228.523 520.793
756 562.285 679.945
757 811.01 551.338
758 647.6 346.174
759 728.749 918.187
760 473.073 459.297
761 344.402 338.168
762 949.667 205.104
763 693.197 928.53
764 735.204 150.335
765 492.065 995.026
766 269.812 627.871
767 197.672 888.825
768 645.88 584.603
769 968.249 640.698
770 995.641 679.159
771 164.493 189.525
772 643.762 461.402
773 121.283 336.62
774 322.16 714.667
775 623.312 655.399
776 335.911 280.813
777 328.773 127.303
778 593.918 156.47
779 445.892 628.701
780 424.346 847.369
781 882.325 453.224
782 270.054 431.627
783 632.49 659.768
784 837.31 880.76
785 240.956 945.141
786 742.47 187.094
787 597.323 729.469
788 247.713 985.549
789 887.474 791.076
790 393.444 921.581
791 708.339 519.481
792 998.961 851.322
793 291.363 696.898
794 908.829 936.449
795 887.074 885.888
796 178.615 796.592
797 981.354 903.22
798 170.509 113.795
799 572.606 728.894
800 983.138 303.191
801 633.451 336.911
802 548.445 695.721
803 305.285 243.211
804 504.447 693.723
805 882.844 314.924
806 267.188 793.178
807 638.068 789.839
808 197.753 847.861
809 800.918 749.117
810 298.917 645.552
811 332.613 391.748
812 627.409 219.56
813 254.464 207.96
814 396.777 164.518
815 708.079 584.409
816 974.213 397.799
817 390.534 483.069
818 758.986 575.354
819 680.984 457.707
820 552.014 109.986
821 407.672 443.211
822 937.667 916.599
823 696.679 969.864
824 472.537 475.792
825 556.577 435.881
826 376.143 447.629
827 206.338 841.411
828 328.524 782.467
829 857.544 112.701
830 149.663 902.329
831 665.185 648.43
832 188.506 339.956
833 130.316 324.367
834 561.86 791.11
835 571.297 780.435
836 830.074 925.747
837 563.775 437.385
838 964.867 817.553
839 181.289 168.736
840 434.973 680.623
841 597.402 849.294
842 948.018 499.082
843 803.82 483.899
844 586.561 270.195
845 746.122 141.737
846 732.187 549.838
847 623.793 942.178
848 898.733 913.781
849 324.507 106.71
850 845.343 161.647
851 232.113 901.84
852 286.359 476.76
853 791.859 264.881
854 430.431 494.598
855 628.64 904.178
856 763.658 762.683
857 122.206 417.954
858 840.635 603.189
859 855.814 587.825
860 478.523 284.474
861 830.901 378.329
862 748.695 469.059
863 207.37 783.659
864 365.919 930.157
865 516.795 650.247
866 557.109 217.506
867 624.714 847.653
868 294.993 628.938
869 665.836 369.242
870 187.819 360.234
871 330.883 515.613
872 893.03 578.036
873 894.184 132.929
874 629.921 430.313
875 313.527 448.693
876 992.963 399.89
877 701.505 348.726
878 103.221 247.041
879 799.56 199.219
880 177.552 907.032
881 936.882 183.691
882 595.76 372.433
883 204.466 493.541
884 936.422 411.104
885 601.828 206.533
886 978.111 611.699
887 808.515 873.314
888 850.913 384.424
889 200.288 438.99
890 988.925 374.711
891 228.045 491.802
892 628.697 607.361
893 551.604 277.765
894 313.993 453.53
895 616.274 318.657
896 456.103 808.157
897 953.815 638.261
898 540.722 371.466
899 381.507 973.033
900 289.652 682.715
901 283.163 449.094
902 267.778 597.353
903 594.555 362.387
904 889.37 252.264
905 528.23 345.123
906 738.288 127.279
907 141.937 495.51
908 937.718 859.322
909 234.771 455.547
910 725.194 129.936
911 124.091 309.329
912 168.118 629.14
913 991.182 943.51
914 292.513 359.322
915 977.561 967.524
916 834.122 185.368
917 256.663 130.639
918 767.568 449.483
919 192.159 998.259
920 572.745 626.478
921 199.537 741.86
922 550.426 270.572
923 307.252 709.695
924 753.409 174.601
925 411.492 952.056
926 623.374 523.295
927 186.497 295.475
928 374.262 913.266
929 176.16 999.303
930 820.699 256.865
931 546.768 275.014
932 430.193 457.689
933 625.557 781.021
934 987.239 146.292
935 273.953 615.43
936 251.665 632.505
937 489.821 252.006
938 358.73 981.852
939 690.035 403.494
940 404.684 531.542
941 184.458 365.501
942 924.647 984.287
943 880.629 703.298
944 651.202 755.534
945 580.559 790.828
946 104.554 670.136
947 110.718 271.255
948 574.471 829.468
949 110.629 446.36
950 700.826 932.516
951 444.401 604.671
952 331.31 232.959
953 374.041 786.4
954 359.809 426.488
955 805.906 716.042
956 516.307 581.627
957 285.042 387.201
958 259.108 381.021
959 290.42 806.748
960 588.698 620.901
961 906.251 555.013
962 722.136 295.129
963 763.456 269.198
964 830.508 575.21
965 784.974 636.069
966 329.589 726.971
967 116.799 296.698
968 721.537 757.874
969 229.389 929.527
970 957.267 611.856
971 653.058 641.415
972 934.145 213.708
973 740.237 543.794
974 559.024 711.108
975 756.549 776.684
976 130.993 232.44
977 519.177 433.987
978 201.303 938.031
979 399.085 858.175
980 326.926 763.813
981 500.354 873.597
982 852.691 370.599
983 449.645 866.745
984 382.651 597.595
985 151.845 921.043
986 690.551 772.363
987 288.339 378.557
988 146.758 357.061
989 699.666 222.261
990 807.122 977.634
991 567.884 705.929
992 215.652 733.902
993 555.246 240.388
994 602.106 202.875
995 198.965 523.279
996 280.318 811.869
997 846.314 407.174
998 346.459 108.702
999 430.815 305.542
1000 886.509 978.08
180
