1000
1 56.6086 72.8987
2 35.4814 91.6186
3 1.60653 59.8381
4 87.3337 52.0205
5 95.9455 97.5398
6 17.788 66.4945
7 32.3754 53.3366
8 70.4322 79.0608
9 26.275 8.33597
10 57.8663 33.6552
11 34.4667 58.7906
12 24.5852 4.06624
13 18.0282 92.9308
14 96.6397 2.95549
15 65.7126 78.1578
16 48.3007 34.2684
17 7.5403 34.9101
18 2.37432 42.0671
19 84.311 90.824
20 29.009 65.4966
21 92.1036 57.4924
22 84.9615 1.77499
23 56.4711 29.4083
24 89.0547 73.2271
25 1.10627 70.5376
26 26.953 45.8426
27 34.4502 23.1471
28 93.4839 87.3346
29 48.3305 72.0275
30 97.8824 88.6602
31 77.0074 34.2994
32 70.5921 67.4714
33 17.5241 60.9468
34 50.2885 7.59896
35 65.038 77.0559
36 66.8095 82.8598
37 85.292 15.3405
38 53.7694 1.23606
39 31.3049 49.8935
40 33.4969 10.6036
41 41.9648 69.5432
42 56.6462 62.881
43 69.9382 75.7426
44 58.0352 46.7179
45 32.6392 77.9691
46 99.4445 75.4072
47 58.6737 97.6506
48 40.3468 18.618
49 41.5168 45.5057
50 15.1458 83.7067
51 63.7011 58.0412
52 36.2051 40.5791
53 16.2093 79.3877
54 10.6929 49.709
55 16.1336 54.7031
56 83.9515 74.1902
57 62.3055 13.3886
58 84.1023 13.7663
59 12.4678 76.8068
60 80.4728 44.7973
61 26.4917 21.6183
62 7.55099 88.8896
63 35.4057 34.6025
64 49.9407 83.9744
65 84.517 92.5029
66 38.7089 80.0048
67 45.6446 32.3674
68 28.5147 50.4607
69 20.5697 14.3805
70 33.5833 45.9731
71 71.1242 55.1207
72 21.0946 88.284
73 46.8998 72.8733
74 34.4699 35.2969
75 98.5075 95.4894
76 77.3056 60.1754
77 13.9174 18.8321
78 6.44657 35.6368
79 50.8688 76.3353
80 55.7636 51.8787
81 43.6173 85.4122
82 42.9376 36.6107
83 8.39496 76.6748
84 14.2688 21.1818
85 95.6794 46.5511
86 17.9064 22.7719
87 42.462 40.1484
88 45.8759 14.8986
89 3.37069 73.746
90 56.319 58.9488
91 70.8849 84.2664
92 48.608 76.9621
93 44.8786 98.9733
94 67.397 91.4844
95 2.9348 92.3916
96 42.4878 87.6599
97 21.262 79.257
98 95.5288 89.0882
99 89.9201 36.0396
100 98.8448 37.3539
101 20.5097 8.2668
102 22.6692 82.0588
103 3.5587 68.1273
104 46.0689 67.8012
105 23.3901 68.2062
106 80.8808 31.3111
107 63.9391 54.2063
108 91.4374 30.7073
109 81.3252 79.6508
110 10.5512 83.3079
111 6.4672 55.0049
112 37.8798 9.47919
113 62.2961 21.6384
114 20.2522 16.5069
115 42.3147 30.7054
116 46.3959 30.2136
117 88.6784 25.9751
118 45.0076 34.741
119 28.6963 36.9539
120 17.5285 57.6737
121 61.6201 84.3136
122 62.8128 77.4321
123 50.188 23.2244
124 98.2913 34.7038
125 7.18564 98.1987
126 41.3252 31.7611
127 55.09 35.9985
128 38.2134 23.2135
129 31.4441 70.5361
130 41.7181 86.826
131 42.7578 45.766
132 64.2602 47.1897
133 19.5345 57.6242
134 73.7539 37.4789
135 9.79087 1.38699
136 56.7013 11.0843
137 70.9887 22.8995
138 74.1478 86.48
139 83.4597 97.9403
140 17.0194 55.4174
141 88.4725 35.1829
142 96.0582 97.2519
143 74.735 68.1869
144 51.4663 19.8412
145 55.9207 25.2711
146 86.2787 40.1985
147 6.29732 72.6858
148 40.3695 73.7687
149 51.4352 66.0372
150 5.75838 76.4993
151 8.51668 34.6255
152 41.8408 99.7313
153 12.8361 88.2383
154 61.7558 54.7472
155 88.3315 5.30093
156 77.8402 65.5062
157 3.88329 32.4488
158 74.3988 76.8756
159 31.559 15.6969
160 19.4037 15.1731
161 13.0827 98.9488
162 34.106 36.7424
163 17.7196 49.0775
164 26.0719 95.9764
165 38.9179 4.52815
166 44.3651 13.2967
167 33.2323 50.0479
168 82.7331 33.8546
169 76.7199 82.9654
170 48.3374 70.9481
171 64.6623 47.9378
172 65.3402 35.7075
173 73.9369 69.553
174 82.372 54.053
175 1.54397 17.5154
176 30.7674 46.2596
177 20.3643 77.6933
178 94.3701 34.0254
179 24.4956 66.0941
180 69.8579 91.6371
181 65.1346 20.9032
182 99.2858 46.6293
183 59.725 41.98
184 78.0801 14.5381
185 43.7645 98.2201
186 36.1392 6.21159
187 2.11042 61.5078
188 72.3157 63.8684
189 55.8677 27.0069
190 93.7786 57.1934
191 45.7384 33.0442
192 35.2718 53.5735
193 98.2029 28.4948
194 31.3744 38.6699
195 60.3435 88.4827
196 19.6475 17.1423
197 81.1344 32.4072
198 15.9539 10.9747
199 84.3652 78.1049
200 40.6105 36.3861
201 94.0542 29.1439
202 86.0146 46.9678
203 33.2869 31.0619
204 77.0845 7.83278
205 46.7393 31.1929
206 74.8952 31.8841
207 2.6442 47.4344
208 21.8899 42.9262
209 34.1645 53.5489
210 99.1711 71.3964
211 13.3021 88.5483
212 8.19591 54.2551
213 34.9295 28.7871
214 53.6159 81.2617
215 1.74829 80.5253
216 30.1276 99.1595
217 37.0424 30.7265
218 18.7935 69.0671
219 11.5742 90.9174
220 64.3817 59.6026
221 97.3214 63.9809
222 70.5072 6.62872
223 84.8712 96.117
224 3.31182 3.52438
225 84.0102 2.65166
226 51.3986 54.631
227 21.6758 75.6327
228 81.7374 5.1153
229 52.4572 94.4511
230 75.2084 90.2668
231 55.8388 27.0727
232 89.9466 43.1875
233 10.5402 94.1805
234 20.0813 34.6372
235 81.7157 93.422
236 66.0857 94.8368
237 58.5457 37.1882
238 71.408 68.435
239 87.4051 46.1108
240 57.8517 33.9728
241 17.6644 9.19948
242 43.6515 14.6176
243 35.0635 90.759
244 57.7725 50.8839
245 92.1804 67.0888
246 59.8301 32.4334
247 90.2285 49.9351
248 78.8745 67.6599
249 62.577 25.1864
250 12.4266 76.7458
251 19.2383 15.1305
252 30.5566 2.84782
253 82.0425 61.0034
254 2.43253 85.4564
255 48.9811 12.4368
256 14.8724 21.5359
257 87.9796 16.2063
258 44.2564 70.4982
259 7.94345 64.4664
260 39.4992 59.181
261 4.86267 27.2426
262 33.1463 29.8211
263 62.0575 2.13606
264 28.7188 59.6523
265 56.4769 76.364
266 98.5003 66.18
267 50.8936 24.7768
268 27.472 62.0478
269 66.8439 54.6507
270 46.699 58.6783
271 55.545 28.2136
272 22.1941 47.0403
273 41.9653 48.2809
274 79.3908 87.9975
275 53.385 73.2504
276 89.4519 37.9598
277 19.3841 51.6457
278 59.8969 37.9967
279 93.6069 5.93227
280 10.6114 87.1712
281 65.7423 17.3059
282 10.2511 57.2278
283 62.2704 12.7709
284 12.5221 5.82707
285 44.9439 73.64
286 97.6089 82.9281
287 53.2084 42.6478
288 99.866 99.1806
289 66.5368 91.1069
290 82.9451 51.8421
291 16.3715 13.4269
292 61.3038 74.9136
293 15.2029 74.7457
294 45.9241 38.5844
295 87.3095 96.2181
296 36.0465 6.38345
297 93.8125 9.32681
298 75.514 68.653
299 36.9025 16.8386
300 74.4356 51.9962
301 57.4032 70.3079
302 71.8605 2.04031
303 33.7079 55.9887
304 26.091 9.45031
305 23.6046 11.5868
306 16.6022 94.7139
307 66.621 1.84888
308 1.23456 99.6616
309 91.0921 84.0055
310 7.38487 22.6413
311 17.0317 6.11264
312 15.8059 31.1903
313 16.3111 42.3651
314 59.6724 31.0781
315 14.6614 68.689
316 65.4228 28.1397
317 81.6407 61.0831
318 50.0105 21.7151
319 18.737 66.2948
320 4.08706 24.1959
321 28.4675 16.9298
322 99.902 18.141
323 6.73412 49.7252
324 13.8756 87.3868
325 54.3401 22.0671
326 87.9581 21.3705
327 2.82066 20.6776
328 10.5181 66.9687
329 6.70035 59.1234
330 53.8528 43.9687
331 73.8091 25.3356
332 88.7558 66.0022
333 94.1888 24.5805
334 21.1736 82.1184
335 58.6171 42.0429
336 35.5856 17.7019
337 32.6462 6.39686
338 29.3969 4.54055
339 30.2881 91.5359
340 99.1381 69.0312
341 14.2962 20.1456
342 27.2803 93.061
343 8.76612 73.6527
344 6.58702 31.1593
345 8.28695 8.97689
346 3.58784 31.825
347 83.7655 22.9214
348 17.8547 58.0171
349 91.0608 40.9913
350 13.7437 51.7197
351 20.6927 35.8871
352 43.5247 55.3881
353 1.52506 45.9866
354 39.3763 39.3413
355 76.4458 1.56436
356 25.8007 80.1811
357 56.6767 88.3505
358 91.496 25.0755
359 68.1998 92.8188
360 30.3734 19.0423
361 1.6622 96.7517
362 16.1106 14.5332
363 29.0004 73.2729
364 93.8409 88.736
365 95.9627 13.9728
366 82.3793 15.7613
367 98.2769 53.2532
368 18.3927 61.8088
369 40.6126 62.0958
370 42.2389 83.093
371 65.1854 66.0612
372 1.86268 49.8346
373 71.4667 40.1935
374 19.6375 3.9142
375 61.0605 94.6959
376 40.6735 87.3296
377 1.30351 18.5152
378 86.2099 48.4551
379 94.7801 15.616
380 92.0735 65.3044
381 23.8987 75.2639
382 62.1404 89.8459
383 63.2521 30.8327
384 81.6712 18.3924
385 21.9372 56.1054
386 10.6097 50.0699
387 19.2652 2.62698
388 86.7097 86.6641
389 57.1282 40.234
390 26.5895 48.0782
391 68.2888 75.4179
392 87.1355 25.2583
393 32.8059 81.9567
394 5.30332 9.34979
395 32.7148 98.7464
396 10.8771 98.1563
397 34.8366 48.65
398 12.6426 87.3066
399 56.0138 57.6661
400 61.4608 46.1444
401 42.735 84.7423
402 51.0039 29.2233
403 27.7867 50.7077
404 27.3341 62.2866
405 4.89728 95.5551
406 95.4021 14.3362
407 80.023 37.9678
408 60.5972 84.1401
409 29.6912 52.7845
410 85.023 99.7623
411 63.1185 74.5624
412 55.6795 77.8386
413 3.18149 76.1916
414 41.6408 56.7836
415 90.695 31.3807
416 26.8575 69.6801
417 38.8297 24.2848
418 38.4503 59.6879
419 3.18573 53.3106
420 17.8866 39.3007
421 13.6401 48.0377
422 42.5075 90.1169
423 84.4041 39.2456
424 27.249 80.8552
425 77.5949 75.7949
426 82.9095 42.3131
427 51.7243 36.4045
428 51.0493 70.7566
429 97.9072 88.8531
430 38.7136 69.7975
431 20.7703 73.3265
432 63.2799 25.5825
433 89.735 20.528
434 56.5167 60.4415
435 44.7197 29.4093
436 54.6455 28.5102
437 65.2754 75.1111
438 58.8095 11.8086
439 16.1707 82.7834
440 9.46145 43.4647
441 27.8859 14.9198
442 41.1357 83.8576
443 66.4635 73.2502
444 64.2609 25.0598
445 27.9162 16.4588
446 63.2131 22.9374
447 10.2028 75.189
448 4.10468 26.7121
449 48.1233 34.8747
450 79.0401 20.8644
451 71.5882 22.1172
452 13.6322 57.6018
453 39.2354 50.769
454 2.76141 16.0175
455 50.3816 25.5823
456 74.2908 99.0019
457 37.2867 1.9584
458 1.60769 26.346
459 58.8643 91.9965
460 93.5049 86.0094
461 84.5014 99.748
462 86.6252 73.4948
463 4.30343 13.8527
464 92.9074 98.7237
465 98.6651 51.29
466 34.0389 48.8713
467 90.1631 42.6077
468 10.4649 16.1002
469 48.2712 93.7983
470 59.348 27.5593
471 61.3216 60.6962
472 13.4154 7.42284
473 46.5292 29.164
474 68.1827 33.6753
475 30.9723 43.0383
476 41.9143 72.7197
477 23.2375 68.0707
478 99.1524 67.6678
479 23.6952 8.92898
480 97.4355 71.2381
481 61.4298 85.5458
482 71.1673 5.16398
483 1.00468 55.1093
484 82.7598 50.0555
485 68.956 70.0979
486 83.822 20.1919
487 22.9216 63.7153
488 66.0419 96.6727
489 52.3957 10.2543
490 56.8388 70.6108
491 74.3842 33.7978
492 36.8396 37.8633
493 88.2175 64.7432
494 77.716 18.9721
495 42.2164 48.9614
496 82.2647 61.6938
497 76.133 70.3265
498 21.7759 63.4428
499 37.6777 77.6157
500 27.4817 38.4267
501 37.889 12.0119
502 22.3426 81.9621
503 61.6541 27.5148
504 47.4955 68.0415
505 87.1731 32.0058
506 28.73 10.4179
507 20.3658 19.4059
508 64.5622 64.4122
509 60.7221 33.7962
510 83.309 82.0294
511 35.0707 98.6981
512 91.4067 44.6993
513 11.9957 24.7434
514 89.1644 87.4452
515 82.4079 34.6951
516 29.7416 70.6301
517 42.0962 85.8523
518 98.3899 26.5911
519 8.87762 2.48917
520 89.1569 58.0598
521 63.7952 23.4668
522 54.0894 14.323
523 33.2451 66.9303
524 19.3433 89.9416
525 79.656 79.7213
526 51.5107 81.2188
527 86.6885 74.4997
528 82.6825 87.8288
529 24.1879 97.003
530 60.0737 17.847
531 24.5964 20.0108
532 44.586 33.9773
533 19.6876 50.6599
534 8.47698 67.8596
535 55.1402 1.97851
536 26.5489 83.6969
537 76.1981 12.0948
538 5.72743 36.5442
539 51.7847 96.3741
540 57.986 20.1688
541 27.8704 58.4527
542 11.021 59.0793
543 34.4377 9.2787
544 95.7595 78.0445
545 50.0215 28.4884
546 47.2754 24.4889
547 10.1997 50.1458
548 52.5036 41.5595
549 88.7159 8.42613
550 71.5052 44.0471
551 44.3992 25.3424
552 40.3074 37.0635
553 52.0358 88.4443
554 33.1055 95.9734
555 10.3974 12.2305
556 78.3032 66.076
557 84.7486 71.0806
558 44.4741 81.184
559 38.8571 71.2909
560 61.6546 19.4707
561 68.8162 5.15745
562 42.9609 26.6131
563 47.5681 38.5927
564 48.7755 96.6156
565 20.34 89.974
566 48.3345 75.6459
567 39.9182 98.2589
568 47.3767 77.5678
569 56.2956 59.7745
570 18.2948 96.8443
571 69.0772 73.2277
572 22.2856 35.9549
573 37.84 66.694
574 92.1141 63.8514
575 51.3375 99.0017
576 67.3002 4.03518
577 43.8886 89.4736
578 74.7521 55.8941
579 48.2332 13.4481
580 63.6294 11.5227
581 4.32706 48.7459
582 80.5728 81.5602
583 50.712 95.7354
584 99.3328 46.0626
585 30.7072 58.0009
586 84.2578 42.407
587 60.1916 95.8365
588 58.6338 96.8914
589 70.4236 52.33
590 77.1857 65.2827
591 73.9711 66.7762
592 60.1247 32.1532
593 80.5333 95.9704
594 87.8475 36.2416
595 63.3059 14.325
596 55.8361 15.5118
597 88.3444 94.6664
598 65.0435 1.92659
599 99.8661 12.0087
600 68.9623 13.9182
601 92.5727 46.8116
602 61.564 96.3062
603 26.896 65.1518
604 68.5328 34.1976
605 84.5924 11.8615
606 40.3752 7.45925
607 16.1656 67.8461
608 88.3703 28.1867
609 7.37084 30.2162
610 93.8754 14.1534
611 59.6094 94.9898
612 61.2436 8.62043
613 55.7404 61.748
614 19.1795 12.5551
615 68.2074 55.5812
616 49.3918 94.7808
617 89.9683 15.2854
618 1.90071 84.5759
619 73.0772 37.0269
620 72.2237 18.1617
621 32.551 86.6121
622 95.8537 77.3916
623 98.2607 29.7062
624 70.5964 47.1427
625 87.2752 22.2419
626 96.8964 34.9384
627 27.2525 64.2753
628 19.7728 19.7151
629 39.0788 27.7279
630 24.2384 32.0567
631 94.3619 11.4214
632 65.8278 90.9424
633 55.3519 43.6046
634 57.5258 37.5852
635 34.7323 7.26532
636 49.5011 33.0406
637 75.884 60.2806
638 28.0016 19.8205
639 70.1943 96.5075
640 54.3926 81.5349
641 31.577 14.1673
642 27.681 86.3655
643 65.4362 3.03205
644 1.53949 8.79624
645 22.1588 61.1796
646 20.4417 6.40878
647 52.1125 24.8338
648 42.3112 6.20599
649 62.0005 9.65365
650 68.9478 59.9297
651 65.8614 44.6052
652 93.7527 87.6988
653 53.7499 20.8924
654 47.3742 65.7516
655 24.0151 36.435
656 16.1584 97.8098
657 24.5504 8.75589
658 30.3385 70.0699
659 44.347 48.8874
660 77.9833 83.8565
661 89.9906 66.7709
662 66.6881 82.2894
663 33.1556 88.4545
664 2.75053 16.2984
665 15.5963 65.2811
666 44.1535 89.4007
667 1.50346 66.0137
668 45.8633 42.7784
669 37.1137 52.359
670 40.0851 63.3868
671 54.5392 98.3594
672 23.7042 59.8272
673 13.6729 46.488
674 30.7345 33.0012
675 72.4091 58.9679
676 40.088 57.6327
677 79.1689 86.2993
678 16.9187 51.1066
679 18.4875 59.9517
680 76.3976 89.2384
681 4.67316 66.3315
682 62.5212 32.2934
683 10.7214 39.0575
684 77.7335 41.8763
685 52.1233 30.8258
686 38.3299 6.72786
687 58.9028 69.5569
688 96.7849 82.1909
689 91.6286 34.3187
690 44.4654 53.8508
691 61.829 71.0224
692 12.6307 48.4803
693 14.3093 90.96
694 61.3607 17.1936
695 55.8728 45.8923
696 94.2292 17.0153
697 81.5416 26.0054
698 94.2332 9.98002
699 3.29827 45.0745
700 87.1836 5.32414
701 38.0552 18.9342
702 70.2222 39.5765
703 24.1615 78.1713
704 55.6514 26.8083
705 27.1156 95.2533
706 69.336 85.235
707 73.6225 46.9492
708 38.2321 7.65105
709 86.1135 82.13
710 78.9868 25.7643
711 3.49444 35.5797
712 53.2621 49.7799
713 85.249 61.5172
714 95.3175 39.2573
715 44.6909 98.4477
716 34.8292 8.72218
717 27.7189 26.549
718 2.96761 1.28395
719 56.0042 47.7516
720 22.9197 18.6155
721 91.4098 3.60433
722 47.8541 88.3382
723 88.5389 22.9898
724 19.2452 40.7501
725 3.62215 71.5643
726 84.2585 2.30569
727 39.1075 30.0264
728 41.1356 11.1516
729 5.01838 88.956
730 8.18111 95.3078
731 29.2005 10.8587
732 98.0501 39.5784
733 72.6085 64.9095
734 55.9646 74.2657
735 83.7522 18.2293
736 11.7875 46.6803
737 23.1701 80.6389
738 25.923 8.18419
739 18.0478 76.5134
740 93.56 25.0762
741 30.4657 43.2999
742 73.8911 42.6131
743 42.7845 22.1342
744 11.9442 25.5099
745 41.8456 61.5647
746 31.6849 78.7599
747 45.7771 15.1743
748 83.9607 1.32062
749 67.0183 71.2178
750 64.1355 49.0379
751 64.9565 29.9353
752 78.039 19.4553
753 54.3101 98.6472
754 48.783 30.6598
755 15.1375 47.2872
756 51.8513 64.794
757 79.2111 50.6472
758 61.236 28.0791
759 70.1624 91.0005
760 42.038 40.5227
761 27.8842 27.1985
762 94.4634 12.5614
763 66.2517 92.1383
764 70.8725 6.53688
765 44.1272 99.4529
766 19.6793 59.0658
767 11.7439 87.7708
768 61.0468 54.3063
769 96.5074 60.4768
770 99.5205 64.7075
771 8.09421 10.8478
772 60.8138 40.7543
773 3.34116 27.0282
774 25.4376 68.6134
775 58.5644 62.0938
776 26.9502 20.8894
777 26.165 4.00333
778 55.331 7.21165
779 39.0482 59.1571
780 36.6781 83.2106
781 87.0558 39.8547
782 19.7059 37.479
783 59.5739 62.5745
784 82.1041 86.8836
785 16.5051 93.9655
786 71.6717 10.5804
787 55.7055 70.2416
788 17.2485 98.4104
789 87.6221 77.0184
790 33.2788 91.3739
791 67.9173 47.1429
792 99.8857 83.6454
793 22.0499 66.6588
794 89.9712 93.0093
795 87.5781 87.4477
796 9.64767 77.6252
797 97.949 89.3542
798 8.75604 2.5174
799 52.9866 70.1784
800 98.1451 23.351
801 59.6796 27.0602
802 50.3289 66.5293
803 23.5814 16.7532
804 45.4891 66.3095
805 87.1128 24.6417
806 19.3907 77.2496
807 60.1875 76.8823
808 11.7528 83.2648
809 78.1009 72.4029
810 22.8809 61.0107
811 26.5874 33.0923
812 59.0149 14.1516
813 17.991 12.8756
814 33.6455 8.09703
815 67.8887 54.285
816 97.1634 33.7579
817 32.9587 43.1376
818 73.4885 53.289
819 64.9082 40.3478
820 50.7215 2.09841
821 34.8439 38.7532
822 93.1433 90.8259
823 66.6347 96.685
824 41.9791 42.3372
825 51.2234 37.9469
826 31.3757 39.2392
827 12.6972 82.5552
828 26.1377 76.0713
829 84.3299 2.3971
830 6.46292 89.2562
831 63.1703 61.3273
832 10.7357 27.3951
833 4.33475 25.6804
834 51.8046 77.0221
835 52.8426 75.8479
836 81.3081 91.8322
837 52.0153 38.1124
838 96.1354 79.9308
839 9.94175 8.56096
840 37.847 64.8685
841 55.7142 83.4223
842 94.282 44.8991
843 78.4202 43.2289
844 54.5217 19.7214
845 72.0734 5.59111
846 70.5406 50.4822
847 58.6172 93.6396
848 88.8606 90.5159
849 25.6958 1.73813
850 82.9877 7.78117
851 15.5324 89.2024
852 21.4995 42.4436
853 77.1045 19.1369
854 37.3474 44.4058
855 59.1504 89.4596
856 74.0023 73.8951
857 3.44269 35.9749
858 82.4698 56.3508
859 84.1395 54.6607
860 42.6375 21.2921
861 81.3991 31.6162
862 72.3565 41.5964
863 12.8107 76.2025
864 30.251 92.3172
865 46.8475 61.5272
866 51.282 13.9257
867 58.7186 83.2418
868 22.4493 59.1832
869 63.242 30.6166
870 10.6601 29.6257
871 26.3972 46.7175
872 88.2334 53.5839
873 88.3602 4.62216
874 59.2913 37.3344
875 24.488 39.3562
876 99.2259 33.9879
877 67.1656 28.3599
878 1.35435 17.1745
879 77.9516 11.9141
880 9.53073 89.7735
881 93.057 10.206
882 55.5336 30.9676
883 12.4913 44.2895
884 93.0065 35.2214
885 56.2011 12.7187
886 97.5922 57.2869
887 78.9366 86.0645
888 83.6005 32.2867
889 12.0317 38.2889
890 98.7818 31.2182
891 15.0849 44.0982
892 59.1567 56.8098
893 50.6764 20.5541
894 24.5392 39.8883
895 57.7901 25.0522
896 40.1713 78.8972
897 94.9196 60.2087
898 49.4794 30.8613
899 31.9657 97.0336
900 21.8618 65.0987
901 21.1479 39.4004
902 19.4556 55.7088
903 55.4011 29.8625
904 87.8307 17.7491
905 48.1053 27.9635
906 71.2117 4.00066
907 5.6131 44.5061
908 93.149 84.5254
909 15.8248 40.1102
910 69.7713 4.29301
911 3.65 24.0262
912 8.49299 59.2054
913 99.0301 93.7861
914 22.1764 29.5254
915 97.5317 96.4276
916 81.7534 10.3905
917 18.2329 4.37025
918 74.4325 39.4431
919 11.1375 99.8085
920 53.002 58.9126
921 11.949 71.6046
922 50.5469 19.7629
923 23.7977 68.0665
924 72.8749 9.20611
925 35.2641 94.7261
926 58.5711 47.5625
927 10.5146 22.5022
928 31.1688 90.4592
929 9.37756 99.9234
930 80.2769 18.2552
931 50.1445 20.2516
932 37.3213 40.3458
933 58.8113 75.9123
934 98.5963 6.09213
935 20.1348 57.6973
936 17.6831 59.5756
937 43.8803 17.7206
938 29.4603 98.0037
939 65.9039 34.3843
940 34.5153 48.4696
941 10.2904 30.2051
942 91.7111 98.2716
943 86.8691 67.3628
944 61.6322 73.1087
945 53.8615 76.9911
946 1.50099 63.7149
947 2.17894 19.8381
948 53.1919 81.2415
949 2.16923 39.0996
950 67.0909 92.5767
951 38.8841 56.5138
952 26.4441 15.6255
953 31.1445 76.504
954 29.579 36.9137
955 78.6497 68.7646
956 46.7938 53.9789
957 21.3546 32.5921
958 18.5019 31.9123
959 21.9462 78.7423
960 54.7568 58.2992
961 89.6877 51.0514
962 69.4349 22.4642
963 73.9802 19.6118
964 81.3558 53.2732
965 76.3471 59.9676
966 26.2547 69.9668
967 2.84785 22.6368
968 69.3691 73.3661
969 15.2328 92.2479
970 95.2994 57.3042
971 61.8364 60.5557
972 92.7559 13.5078
973 71.4261 49.8174
974 51.4927 68.2219
975 73.2204 75.4353
976 4.40921 15.5685
977 47.1094 37.7386
978 12.1434 93.1834
979 33.8993 84.3993
980 25.9618 74.0194
981 45.039 86.0957
982 83.796 30.7659
983 39.4609 85.3419
984 32.0917 55.7354
985 6.7029 91.3147
986 65.9606 74.96
987 21.7172 31.6412
988 6.14334 29.2767
989 66.9632 14.4487
990 78.7834 97.5398
991 52.4672 67.6522
992 13.7217 70.7292
993 51.077 16.4427
994 56.2316 12.3162
995 11.8862 47.5607
996 20.835 79.3055
997 83.0946 34.7891
998 28.1105 1.95721
999 37.3896 23.6096
1000 87.516 97.5888
180
